3
1
322
1
0
3
2
2
2
1
y
1
15
2
1
x
1
10
1
1
3
3
2
2
1
y
1
5
2
1
x
1
4
1
2
3
4
2
2
1
y
1
5
2
1
x
1
4
1
3
3
5
2
2
1
y
1
5
2
1
x
1
4
1
4
3
6
2
2
1
y
1
5
2
1
x
1
4
1
5
3
7
2
2
1
y
1
5
2
1
x
1
4
1
6
3
8
2
2
1
y
1
5
2
1
x
1
4
1
7
3
9
2
2
1
y
1
5
2
1
x
1
4
1
8
3
10
2
2
1
y
1
5
2
1
x
1
4
1
9
3
11
2
2
1
y
1
5
2
1
x
1
4
1
10
3
12
2
2
1
y
1
5
2
1
x
1
4
1
11
3
13
2
2
1
y
1
5
2
1
x
1
4
1
12
3
14
2
2
1
y
1
5
2
1
x
1
4
1
13
3
15
2
2
1
y
1
5
2
1
x
1
4
1
14
3
16
2
2
1
y
1
5
2
1
x
1
4
1
15
3
17
2
2
1
y
1
5
2
1
x
1
4
1
16
3
18
2
2
1
y
1
5
2
1
x
1
4
1
17
3
19
2
2
1
y
1
5
2
1
x
1
4
1
18
3
20
2
2
1
y
1
5
2
1
x
1
4
1
19
3
21
2
2
1
y
1
5
2
1
x
1
4
1
20
3
22
2
2
1
y
1
5
2
1
x
1
4
1
21
3
23
2
2
1
y
1
5
2
1
x
1
4
1
22
3
24
2
2
1
y
1
5
2
1
x
1
4
1
23
3
25
2
2
1
y
1
5
2
1
x
1
4
1
24
3
26
2
2
1
y
1
5
2
1
x
1
4
1
25
3
27
2
2
1
y
1
5
2
1
x
1
4
1
26
3
28
2
2
1
y
1
5
2
1
x
1
4
1
27
3
29
2
2
1
y
1
5
2
1
x
1
4
1
28
3
30
2
2
1
y
1
6
2
1
x
1
8
1
29
3
31
2
2
1
y
1
6
2
1
x
1
8
1
30
3
32
2
2
1
y
1
4
2
1
x
1
3
1
31
3
33
2
2
1
y
1
4
2
1
x
1
3
1
32
3
34
2
2
1
y
1
4
2
1
x
1
3
1
33
3
35
2
2
1
y
1
4
2
1
x
1
3
1
34
3
36
2
2
1
y
1
4
2
1
x
1
3
1
35
3
37
2
2
1
y
1
4
2
1
x
1
3
1
36
3
38
2
2
1
y
1
4
2
1
x
1
3
1
37
3
39
2
2
1
y
1
4
2
1
x
1
3
1
38
3
40
2
2
1
y
1
4
2
1
x
1
3
1
39
3
41
2
2
1
y
1
4
2
1
x
1
3
1
40
3
42
2
2
1
y
1
4
2
1
x
1
3
1
41
3
43
2
2
1
y
1
4
2
1
x
1
3
1
42
3
44
2
2
1
y
1
4
2
1
x
1
3
1
43
3
45
2
2
1
y
1
4
2
1
x
1
3
1
44
3
46
2
2
1
y
1
4
2
1
x
1
3
1
45
3
47
2
2
1
y
1
4
2
1
x
1
3
1
46
3
48
2
2
1
y
1
4
2
1
x
1
3
1
47
3
49
2
2
1
y
1
4
2
1
x
1
3
1
48
3
50
2
2
1
y
1
4
2
1
x
1
3
1
49
3
51
2
2
1
y
1
4
2
1
x
1
3
1
50
3
52
2
2
1
y
1
4
2
1
x
1
3
1
51
3
53
2
2
1
y
1
4
2
1
x
1
3
1
52
3
54
2
2
1
y
1
4
2
1
x
1
3
1
53
3
55
2
2
1
y
1
4
2
1
x
1
3
1
54
3
56
2
2
1
y
1
4
2
1
x
1
3
1
55
3
57
2
2
1
y
1
4
2
1
x
1
3
1
56
3
58
2
2
1
y
1
4
2
1
x
1
3
1
57
3
59
2
2
1
y
1
4
2
1
x
1
3
1
58
3
60
2
2
1
y
1
4
2
1
x
1
3
1
59
3
61
2
2
1
y
1
4
2
1
x
1
3
1
60
3
62
2
2
1
y
1
4
2
1
x
1
3
1
61
3
63
2
2
1
y
1
4
2
1
x
1
3
1
62
3
64
2
2
1
y
1
4
2
1
x
1
3
1
63
3
65
2
2
1
y
1
4
2
1
x
1
3
1
64
3
66
2
2
1
y
1
4
2
1
x
1
3
1
65
3
67
2
2
1
y
1
4
2
1
x
1
3
1
66
3
68
2
2
1
y
1
4
2
1
x
1
3
1
67
3
69
2
2
1
y
1
4
2
1
x
1
3
1
68
3
70
2
2
1
y
1
4
2
1
x
1
3
1
69
3
71
2
2
1
y
1
4
2
1
x
1
3
1
70
3
72
2
2
1
y
1
4
2
1
x
1
3
1
71
3
73
2
2
1
y
1
4
2
1
x
1
3
1
72
3
74
2
2
1
y
1
4
2
1
x
1
3
1
73
3
75
2
2
1
y
1
4
2
1
x
1
3
1
74
3
76
2
2
1
y
1
4
2
1
x
1
3
1
75
3
77
2
2
1
y
1
4
2
1
x
1
3
1
76
3
78
2
2
1
y
1
4
2
1
x
1
3
1
77
3
79
2
2
1
y
1
4
2
1
x
1
3
1
78
3
80
2
2
1
y
1
4
2
1
x
1
3
1
79
3
81
2
2
1
y
1
4
2
1
x
1
3
1
80
3
82
2
2
1
y
1
4
2
1
x
1
3
1
81
3
83
2
2
1
y
1
4
2
1
x
1
3
1
82
3
84
2
2
1
y
1
4
2
1
x
1
3
1
83
3
85
2
2
1
y
1
4
2
1
x
1
3
1
84
3
86
2
2
1
y
1
4
2
1
x
1
3
1
85
3
87
2
2
1
y
1
4
2
1
x
1
3
1
86
3
88
2
2
1
y
1
4
2
1
x
1
3
1
87
3
89
2
2
1
y
1
4
2
1
x
1
3
1
88
3
90
2
2
1
y
1
4
2
1
x
1
3
1
89
3
91
2
2
1
y
1
4
2
1
x
1
3
1
90
3
92
2
2
1
y
1
4
2
1
x
1
3
1
91
3
93
2
2
1
y
1
4
2
1
x
1
3
1
92
3
94
2
2
1
y
1
4
2
1
x
1
3
1
93
3
95
2
2
1
y
1
4
2
1
x
1
3
1
94
3
96
2
2
1
y
1
4
2
1
x
1
3
1
95
3
97
2
2
1
y
1
4
2
1
x
1
3
1
96
3
98
2
2
1
y
1
4
2
1
x
1
3
1
97
3
99
2
2
1
y
1
4
2
1
x
1
3
1
98
3
100
2
2
1
y
1
4
2
1
x
1
3
1
99
3
101
2
2
1
y
1
4
2
1
x
1
3
1
100
3
102
2
2
1
y
1
4
2
1
x
1
3
1
101
3
103
2
2
1
y
1
4
2
1
x
1
3
1
102
3
104
2
2
1
y
1
202
2
1
x
1
616
1
103
3
105
2
2
1
y
1
202
2
1
x
1
588
1
104
3
106
2
2
1
y
1
205
2
1
x
1
556
1
105
3
107
2
2
1
y
1
202
2
1
x
1
531
1
106
3
108
2
2
1
y
1
200
2
1
x
1
505
1
107
3
109
2
2
1
y
1
195
2
1
x
1
491
1
108
3
110
2
2
1
y
1
190
2
1
x
1
473
1
109
3
111
2
2
1
y
1
181
2
1
x
1
458
1
110
3
112
2
2
1
y
1
175
2
1
x
1
443
1
111
3
113
2
2
1
y
1
163
2
1
x
1
430
1
112
3
114
2
2
1
y
1
147
2
1
x
1
420
1
113
3
115
2
2
1
y
1
137
2
1
x
1
413
1
114
3
116
2
2
1
y
1
124
2
1
x
1
404
1
115
3
117
2
2
1
y
1
115
2
1
x
1
392
1
116
3
118
2
2
1
y
1
103
2
1
x
1
390
1
117
3
119
2
2
1
y
1
94
2
1
x
1
388
1
118
3
120
2
2
1
y
1
81
2
1
x
1
381
1
119
3
121
2
2
1
y
1
63
2
1
x
1
372
1
120
3
122
2
2
1
y
1
51
2
1
x
1
369
1
121
3
123
2
2
1
y
1
36
2
1
x
1
368
1
122
3
124
2
2
1
y
1
20
2
1
x
1
360
1
123
3
125
2
2
1
y
1
18
2
1
x
1
357
1
124
3
126
2
2
1
y
1
16
2
1
x
1
357
1
125
3
127
2
2
1
y
1
31
2
1
x
1
354
1
126
3
128
2
2
1
y
1
43
2
1
x
1
350
1
127
3
129
2
2
1
y
1
56
2
1
x
1
346
1
128
3
130
2
2
1
y
1
78
2
1
x
1
349
1
129
3
131
2
2
1
y
1
102
2
1
x
1
348
1
130
3
132
2
2
1
y
1
125
2
1
x
1
350
1
131
3
133
2
2
1
y
1
157
2
1
x
1
356
1
132
3
134
2
2
1
y
1
187
2
1
x
1
360
1
133
3
135
2
2
1
y
1
214
2
1
x
1
363
1
134
3
136
2
2
1
y
1
245
2
1
x
1
371
1
135
3
137
2
2
1
y
1
266
2
1
x
1
380
1
136
3
138
2
2
1
y
1
277
2
1
x
1
387
1
137
3
139
2
2
1
y
1
281
2
1
x
1
397
1
138
3
140
2
2
1
y
1
282
2
1
x
1
405
1
139
3
141
2
2
1
y
1
279
2
1
x
1
418
1
140
3
142
2
2
1
y
1
272
2
1
x
1
421
1
141
3
143
2
2
1
y
1
258
2
1
x
1
430
1
142
3
144
2
2
1
y
1
246
2
1
x
1
435
1
143
3
145
2
2
1
y
1
227
2
1
x
1
439
1
144
3
146
2
2
1
y
1
209
2
1
x
1
442
1
145
3
147
2
2
1
y
1
191
2
1
x
1
439
1
146
3
148
2
2
1
y
1
171
2
1
x
1
441
1
147
3
149
2
2
1
y
1
150
2
1
x
1
441
1
148
3
150
2
2
1
y
1
137
2
1
x
1
435
1
149
3
151
2
2
1
y
1
119
2
1
x
1
435
1
150
3
152
2
2
1
y
1
107
2
1
x
1
432
1
151
3
153
2
2
1
y
1
99
2
1
x
1
428
1
152
3
154
2
2
1
y
1
92
2
1
x
1
425
1
153
3
155
2
2
1
y
1
98
2
1
x
1
423
1
154
3
156
2
2
1
y
1
108
2
1
x
1
421
1
155
3
157
2
2
1
y
1
117
2
1
x
1
418
1
156
3
158
2
2
1
y
1
121
2
1
x
1
415
1
157
3
159
2
2
1
y
1
127
2
1
x
1
410
1
158
3
160
2
2
1
y
1
134
2
1
x
1
409
1
159
3
161
2
2
1
y
1
145
2
1
x
1
402
1
160
3
162
2
2
1
y
1
155
2
1
x
1
400
1
161
3
163
2
2
1
y
1
163
2
1
x
1
395
1
162
3
164
2
2
1
y
1
172
2
1
x
1
393
1
163
3
165
2
2
1
y
1
181
2
1
x
1
390
1
164
3
166
2
2
1
y
1
193
2
1
x
1
384
1
165
3
167
2
2
1
y
1
203
2
1
x
1
384
1
166
3
168
2
2
1
y
1
210
2
1
x
1
388
1
167
3
169
2
2
1
y
1
211
2
1
x
1
389
1
168
3
170
2
2
1
y
1
217
2
1
x
1
393
1
169
3
171
2
2
1
y
1
221
2
1
x
1
394
1
170
3
172
2
2
1
y
1
221
2
1
x
1
401
1
171
3
173
2
2
1
y
1
220
2
1
x
1
409
1
172
3
174
2
2
1
y
1
219
2
1
x
1
420
1
173
3
175
2
2
1
y
1
220
2
1
x
1
430
1
174
3
176
2
2
1
y
1
219
2
1
x
1
447
1
175
3
177
2
2
1
y
1
221
2
1
x
1
457
1
176
3
178
2
2
1
y
1
226
2
1
x
1
475
1
177
3
179
2
2
1
y
1
230
2
1
x
1
485
1
178
3
180
2
2
1
y
1
235
2
1
x
1
502
1
179
3
181
2
2
1
y
1
240
2
1
x
1
514
1
180
3
182
2
2
1
y
1
241
2
1
x
1
528
1
181
3
183
2
2
1
y
1
242
2
1
x
1
542
1
182
3
184
2
2
1
y
1
237
2
1
x
1
557
1
183
3
185
2
2
1
y
1
233
2
1
x
1
558
1
184
3
186
2
2
1
y
1
228
2
1
x
1
564
1
185
3
187
2
2
1
y
1
222
2
1
x
1
569
1
186
3
188
2
2
1
y
1
218
2
1
x
1
569
1
187
3
189
2
2
1
y
1
209
2
1
x
1
567
1
188
3
190
2
2
1
y
1
207
2
1
x
1
561
1
189
3
191
2
2
1
y
1
206
2
1
x
1
552
1
190
3
192
2
2
1
y
1
202
2
1
x
1
544
1
191
3
193
2
2
1
y
1
200
2
1
x
1
537
1
192
3
194
2
2
1
y
1
204
2
1
x
1
519
1
193
3
195
2
2
1
y
1
207
2
1
x
1
507
1
194
3
196
2
2
1
y
1
214
2
1
x
1
480
1
195
3
197
2
2
1
y
1
212
2
1
x
1
465
1
196
3
198
2
2
1
y
1
221
2
1
x
1
444
1
197
3
199
2
2
1
y
1
224
2
1
x
1
423
1
198
3
200
2
2
1
y
1
223
2
1
x
1
403
1
199
3
201
2
2
1
y
1
224
2
1
x
1
387
1
200
3
202
2
2
1
y
1
226
2
1
x
1
358
1
201
3
203
2
2
1
y
1
224
2
1
x
1
334
1
202
3
204
2
2
1
y
1
222
2
1
x
1
318
1
203
3
205
2
2
1
y
1
221
2
1
x
1
301
1
204
3
206
2
2
1
y
1
217
2
1
x
1
280
1
205
3
207
2
2
1
y
1
212
2
1
x
1
266
1
206
3
208
2
2
1
y
1
207
2
1
x
1
254
1
207
3
209
2
2
1
y
1
206
2
1
x
1
243
1
208
3
210
2
2
1
y
1
201
2
1
x
1
232
1
209
3
211
2
2
1
y
1
194
2
1
x
1
227
1
210
3
212
2
2
1
y
1
189
2
1
x
1
218
1
211
3
213
2
2
1
y
1
185
2
1
x
1
219
1
212
3
214
2
2
1
y
1
185
2
1
x
1
219
1
213
3
215
2
2
1
y
1
180
2
1
x
1
225
1
214
3
216
2
2
1
y
1
178
2
1
x
1
230
1
215
3
217
2
2
1
y
1
176
2
1
x
1
238
1
216
3
218
2
2
1
y
1
178
2
1
x
1
244
1
217
3
219
2
2
1
y
1
177
2
1
x
1
252
1
218
3
220
2
2
1
y
1
178
2
1
x
1
268
1
219
3
221
2
2
1
y
1
180
2
1
x
1
279
1
220
3
222
2
2
1
y
1
186
2
1
x
1
294
1
221
3
223
2
2
1
y
1
194
2
1
x
1
312
1
222
3
224
2
2
1
y
1
201
2
1
x
1
331
1
223
3
225
2
2
1
y
1
205
2
1
x
1
354
1
224
3
226
2
2
1
y
1
208
2
1
x
1
375
1
225
3
227
2
2
1
y
1
204
2
1
x
1
401
1
226
3
228
2
2
1
y
1
201
2
1
x
1
424
1
227
3
229
2
2
1
y
1
196
2
1
x
1
445
1
228
3
230
2
2
1
y
1
188
2
1
x
1
469
1
229
3
231
2
2
1
y
1
183
2
1
x
1
491
1
230
3
232
2
2
1
y
1
171
2
1
x
1
504
1
231
3
233
2
2
1
y
1
161
2
1
x
1
519
1
232
3
234
2
2
1
y
1
153
2
1
x
1
531
1
233
3
235
2
2
1
y
1
147
2
1
x
1
539
1
234
3
236
2
2
1
y
1
139
2
1
x
1
548
1
235
3
237
2
2
1
y
1
137
2
1
x
1
546
1
236
3
238
2
2
1
y
1
134
2
1
x
1
549
1
237
3
239
2
2
1
y
1
133
2
1
x
1
545
1
238
3
240
2
2
1
y
1
136
2
1
x
1
536
1
239
3
241
2
2
1
y
1
136
2
1
x
1
535
1
240
3
242
2
2
1
y
1
138
2
1
x
1
519
1
241
3
243
2
2
1
y
1
140
2
1
x
1
507
1
242
3
244
2
2
1
y
1
145
2
1
x
1
489
1
243
3
245
2
2
1
y
1
149
2
1
x
1
474
1
244
3
246
2
2
1
y
1
150
2
1
x
1
450
1
245
3
247
2
2
1
y
1
155
2
1
x
1
431
1
246
3
248
2
2
1
y
1
159
2
1
x
1
410
1
247
3
249
2
2
1
y
1
162
2
1
x
1
390
1
248
3
250
2
2
1
y
1
165
2
1
x
1
369
1
249
3
251
2
2
1
y
1
171
2
1
x
1
351
1
250
3
252
2
2
1
y
1
174
2
1
x
1
334
1
251
3
253
2
2
1
y
1
174
2
1
x
1
315
1
252
3
254
2
2
1
y
1
173
2
1
x
1
302
1
253
3
255
2
2
1
y
1
175
2
1
x
1
288
1
254
3
256
2
2
1
y
1
177
2
1
x
1
282
1
255
3
257
2
2
1
y
1
185
2
1
x
1
272
1
256
3
258
2
2
1
y
1
192
2
1
x
1
256
1
257
3
259
2
2
1
y
1
197
2
1
x
1
249
1
258
3
260
2
2
1
y
1
208
2
1
x
1
243
1
259
3
261
2
2
1
y
1
218
2
1
x
1
241
1
260
3
262
2
2
1
y
1
226
2
1
x
1
246
1
261
3
263
2
2
1
y
1
232
2
1
x
1
246
1
262
3
264
2
2
1
y
1
237
2
1
x
1
254
1
263
3
265
2
2
1
y
1
239
2
1
x
1
259
1
264
3
266
2
2
1
y
1
244
2
1
x
1
270
1
265
3
267
2
2
1
y
1
246
2
1
x
1
284
1
266
3
268
2
2
1
y
1
242
2
1
x
1
295
1
267
3
269
2
2
1
y
1
241
2
1
x
1
309
1
268
3
270
2
2
1
y
1
238
2
1
x
1
325
1
269
3
271
2
2
1
y
1
234
2
1
x
1
339
1
270
3
272
2
2
1
y
1
230
2
1
x
1
357
1
271
3
273
2
2
1
y
1
226
2
1
x
1
372
1
272
3
274
2
2
1
y
1
219
2
1
x
1
387
1
273
3
275
2
2
1
y
1
214
2
1
x
1
397
1
274
3
276
2
2
1
y
1
214
2
1
x
1
413
1
275
3
277
2
2
1
y
1
210
2
1
x
1
425
1
276
3
278
2
2
1
y
1
210
2
1
x
1
437
1
277
3
279
2
2
1
y
1
207
2
1
x
1
443
1
278
3
280
2
2
1
y
1
201
2
1
x
1
444
1
279
3
281
2
2
1
y
1
194
2
1
x
1
446
1
280
3
282
2
2
1
y
1
191
2
1
x
1
441
1
281
3
283
2
2
1
y
1
184
2
1
x
1
436
1
282
3
284
2
2
1
y
1
179
2
1
x
1
428
1
283
3
285
2
2
1
y
1
172
2
1
x
1
422
1
284
3
286
2
2
1
y
1
173
2
1
x
1
414
1
285
3
287
2
2
1
y
1
179
2
1
x
1
404
1
286
3
288
2
2
1
y
1
188
2
1
x
1
394
1
287
3
289
2
2
1
y
1
197
2
1
x
1
385
1
288
3
290
2
2
1
y
1
202
2
1
x
1
377
1
289
3
291
2
2
1
y
1
210
2
1
x
1
363
1
290
3
292
2
2
1
y
1
219
2
1
x
1
351
1
291
3
293
2
2
1
y
1
229
2
1
x
1
335
1
292
3
294
2
2
1
y
1
236
2
1
x
1
324
1
293
3
295
2
2
1
y
1
237
2
1
x
1
309
1
294
3
296
2
2
1
y
1
236
2
1
x
1
302
1
295
3
297
2
2
1
y
1
233
2
1
x
1
291
1
296
3
298
2
2
1
y
1
224
2
1
x
1
288
1
297
3
299
2
2
1
y
1
217
2
1
x
1
285
1
298
3
300
2
2
1
y
1
212
2
1
x
1
284
1
299
3
301
2
2
1
y
1
211
2
1
x
1
283
1
300
3
302
2
2
1
y
1
3
2
1
x
1
6
1
301
3
303
2
2
1
y
1
9
2
1
x
1
3
1
302
3
304
2
2
1
y
1
9
2
1
x
1
3
1
303
3
305
2
2
1
y
1
9
2
1
x
1
3
1
304
3
306
2
2
1
y
1
9
2
1
x
1
3
1
305
3
307
2
2
1
y
1
9
2
1
x
1
3
1
306
3
308
2
2
1
y
1
9
2
1
x
1
3
1
307
3
309
2
2
1
y
1
9
2
1
x
1
4
1
308
3
310
2
2
1
y
1
13
2
1
x
1
7
1
309
3
311
2
2
1
y
1
13
2
1
x
1
7
1
310
3
312
2
2
1
y
1
8
2
1
x
1
6
1
311
3
313
2
2
1
y
1
8
2
1
x
1
6
1
312
3
314
2
2
1
y
1
8
2
1
x
1
6
1
313
3
315
2
2
1
y
1
8
2
1
x
1
6
1
314
3
316
2
2
1
y
1
8
2
1
x
1
6
1
315
3
317
2
2
1
y
1
8
2
1
x
1
6
1
316
3
318
2
2
1
y
1
8
2
1
x
1
6
1
317
3
319
2
2
1
y
1
8
2
1
x
1
6
1
318
3
320
2
2
1
y
1
7
2
1
x
1
5
1
319
3
321
2
2
1
y
1
7
2
1
x
1
5
1
320
3
322
2
2
1
y
1
7
2
1
x
1
5
1
321
3
323
2
2
1
y
1
7
2
1
x
1
5
